Name: Pratap Shingane
PRN: 2020BTEIT00050
CA assignment 7

Output: quickf_omp.c

Sorted array: n1 3 4 5 5 8 9 11 11 13 15 15 16 16 17 17 18 18 20 21 22 23 24 26 27 29 29 30 30 33 34 36 
37 37 38 43 43 44 46 46 46 47 50 52 53 53 54 54 56 56 57 57 57 58 58 60 60 61 63 63 64 64 67 68 70 74 74 75 75 76 76 77 77 80 83 84 84 84 84 84 87 88 90 91 91 91 91 93 93 94 95 96 97 97 97 98 98 103 104 104 105 108 110 110 111 111 111 112 113 115 116 116 118 118 122 122 122 122 127 130 130 132 132 132 136 136 136 138 140 141 144 146 147 148 148 150 151 151 152 153 153 153 154 155 155 156 157 157 157 159 159 159 161 161 162 163 163 164 164 166 171 172 174 174 174 175 177 179 180 182 183 183 185 185 185 186 186 187 187 189 189 190 193 194 194 194 197 198 199 199 200 200 201 201 202 202 203 203 205 206 206 208 211 212 213 213 218 218 218 218 219 222 222 222 226 227 228 228 228 229 229 229 231 232 233 234 234 235 236 237 237 237 238 238 239 239 239 240 240 241 242 244 244 245 245 246 246 246 247 253 254 254 254 255 255 255 256 256 257 259 259 259 260 261 263 263 263 264 265 266 267 267 272 272 273 273 274 276 277 278 280 280 281 281 282 283 284 285 286 288 290 291 292 292 293 293 293 294 296 296 298 298 299 300 300 302 302 303 304 304 304 304 307 308 308 308 309 310 312 312 312 312 314 314 315 315 315 316 317 319 320 321 324 324 324 325 326 327 328 330 330 331 332 332 333 334 336 337 337 337 337 342 342 344 344 345 345 347 347 349 354 359 360 361 362 363 365 365 366 366 367 367 369 369 369 369 371 373 374 375 375 375 375 377 381 382 383 383 383 384 386 388 389 391 391 393 396 399 400 401 402 402 403 404 406 408 409 412 412 413 415 415 416 417 418 418 419 419 420 420 421 423 423 423 423 424 425 428 428 429 429 429 429 431 432 433 436 437 437 437 438 438 439 439 440 440 441 444 447 448 448 449 450 451 452 452 452 453 459 460 460 462 462 464 464 465 466 466 466 467 470 470 471 472 473 473 475 475 477 478 478 481 483 485 486 486 486 488 488 489 489 491 491 492 493 493 493 496 496 497 498 498 500 500 501 502 502 502 503 503 504 504 506 508 511 512 512 512 515 516 518 518 518 519 519 520 521 522 523 524 524 526 528 529 530 532 532 533 534 534 535 535 536 536 537 540 543 543 545 547 549 550 550 550 552 552 554 554 555 556 556 557 560 560 561 562 562 562 563 563 568 568 569 570 570 571 571 571 572 572 572 573 573 577 579 580 582 582 583 583 583 584 585 586 588 590 590 592 593 594 595 595 596 596 596 598 598 599 599 601 603 603 605 605 606 607 608 609 611 611 611 611 613 613 615 616 617 617 617 618 619 620 620 620 622 622 623 623 624 627 627 629 630 631 632 632 633 633 634 635 635 635 635 638 639 639 639 641 641 642 643 643 644 644 646 647 648 649 649 650 652 653 653 654 655 656 659 659 662 662 665 665 666 667 667 669 670 670 670 672 672 673 675 676 677 680 680 681 681 682 682 684 684 684 685 686 686 688 692 693 693 694 695 696 697 697 697 698 701 702 702 702 704 704 708 709 713 713 714 715 716 716 717 718 721 722 722 723 725 726 726 727 730 731 732 733 734 735 736 737 737 738 738 738 739 744 745 745 746 746 746 747 747 747 747 747 749 750 751 754 754 755 755 756 758 758 758 758 
759 760 760 761 762 763 763 764 765 766 766 768 769 770 771 772 773 774 775 778 779 780 781 784 785 785 791 791 792 793 795 796 796 797 797 799 801 802 802 802 805 806 806 807 807 808 808 808 809 811 812 812 817 818 819 820 821 821 822 823 823 824 828 828 829 829 829 829 829 830 831 833 836 837 837 838 842 844 845 848 849 851 852 854 854 855 855 855 856 860 860 861 867 867 867 869 869 870 873 874 874 875 876 876 877 879 881 881 883 883 884 
886 887 888 888 890 892 892 893 893 895 895 896 896 897 898 898 900 901 902 902 903 905 906 906 906 907 912 912 913 915 918 919 920 921 922 922 923 924 925 925 927 930 930 932 932 934 936 937 937 939 940 941 941 942 942 943 944 944 945 946 947 950 950 952 953 955 957 958 960 960 960 961 962 962 962 963 965 967 968 969 969 969 970 971 972 972 973 973 976 979 979 981 982 984 984 985 988 988 988 988 988 989 990 994 995 996 996 998 998 999 999 
                Time Elapsed: 0.00300